
PARAMETERS
----------
Population size: 50
k (tournament selection): 2
alpha (recombination): 0.6
sigma (mutation): 0.4

Mutation probability: 1.5
Recombination probability: 0.6

BEST RESULT
-----------
Fitness: 0.5785695532175127
Kernels: [58.64360656 43.3117619   0.43905002  9.11309159 96.17086063 17.01743218
 16.23382405 63.79741079]

KERNELS
-------
            
0.574 - [59.65190089086531, 41.91995015597681, 1.2732255371151713, 10.935443426836741, 96.6040028760894, 16.44193321341063, 16.53349147886153, 62.59535739238514]
0.575 - [59.56887001730567, 41.892707856703964, 1.2625207010575126, 9.994299328087795, 95.78294346490584, 16.546774588889743, 14.98432909606101, 63.26389096352528]
0.576 - [59.59657759645478, 41.419716276552755, 1.453430646410557, 10.81312720311356, 97.003508054358, 17.528929077752093, 14.38741000970036, 63.09679837982254]
0.577 - [59.48652483305755, 41.03566088534728, 1.4517321540313612, 10.69268206942521, 96.08837100260581, 17.4939876213, 15.083936101103486, 62.94244139703158]
0.54 - [59.4819465043522, 41.29633420581586, 1.6221323210341265, 11.41385102638727, 97.0005505337462, 16.94830481739529, 14.62264306989465, 63.31784781638412]
0.574 - [59.627177598420936, 40.84868908543157, 1.122864785624862, 10.796856037417326, 96.55305376238609, 17.50536899169125, 14.518771847023649, 63.374322684194965]
0.574 - [58.796221260731734, 41.78597031441592, 0.41276446327334815, 12.075655069107668, 95.4097679204204, 15.993317207957205, 15.34311522736167, 62.166877071905134]
0.574 - [58.57472300636657, 41.078768009467446, 0.6330426729096365, 9.40141648053247, 96.58125411445522, 17.83390984059259, 13.336106625833926, 63.23828450473667]
0.576 - [58.112526614527084, 43.30925115710482, 0.06180107609096486, 9.513992346571497, 96.05295311830383, 15.467868402505504, 15.872615370485686, 62.03878974012049]
0.575 - [57.355278770976696, 41.90187066061446, 1.128430595995455, 10.35259571979557, 96.70730166304105, 18.132532839257095, 16.42366694008328, 63.89275793958405]
0.577 - [58.24272603824946, 40.55023050455154, 1.07781293184458, 10.229662730143051, 95.59805812516106, 17.26301757431443, 15.38986297027899, 63.24661806006066]
0.574 - [58.42697576215635, 41.42649644930886, 1.093963737272945, 10.53959242646762, 96.06031728954312, 17.529443704648994, 14.648127464656932, 62.54261632487198]
0.576 - [58.82241749476595, 39.57196855662087, 1.1503202760348588, 11.406142666414468, 97.08587649406856, 17.406288432059768, 14.537056079120134, 63.74427312507504]
0.576 - [58.197651347816624, 39.845061748968426, 0.9758980046343941, 10.5441863228126, 96.9484725814578, 17.332994861467483, 14.10199779508197, 63.66302529249156]
0.576 - [59.84748239298167, 41.16279444642039, 1.1947384510905479, 11.062689493583042, 97.45465266799998, 17.55501325185056, 13.822547458608733, 63.299959955673856]
0.576 - [57.941370665590746, 40.485709852057546, 1.1754290070373878, 11.106362445000777, 96.3552343955183, 16.691356762562894, 14.699205393804146, 63.83286619699075]
0.574 - [58.86407014945135, 41.17209322662812, 0.573543028625529, 10.506254841779652, 96.44506375485805, 16.273370440698017, 13.820934146456318, 62.28882605496824]
0.574 - [59.15967643944705, 40.22775072792713, 0.30299118837479294, 10.68293109188932, 96.76436435221927, 16.174598768888966, 14.683135704524842, 62.91664625833944]
0.573 - [58.69939948871177, 43.93332871822055, 0.4495191121963047, 9.186411204736137, 96.55033863740145, 16.823344327960896, 16.51412324969354, 63.322945377964]
0.574 - [58.91775126138737, 41.44623605599272, 0.89811942664492, 10.829622797034894, 96.48215784931043, 17.94932880738136, 14.508090940787609, 62.67100107698594]
0.575 - [59.41037907512209, 41.576800355859184, 1.488466284096468, 9.538719244400067, 96.6734936029234, 17.095702070135466, 15.105496066169046, 62.94554098255631]
0.575 - [59.34188841251763, 42.503600729134796, 0.7971780491477024, 9.704701495073275, 96.35924555120101, 15.88276628544436, 15.94491605828486, 62.55533090564469]
0.577 - [57.167268899839065, 42.05317899766726, 0.7703680197582023, 10.238905994391482, 96.87788887481528, 17.52614481533779, 15.519167124188181, 62.780893125986324]
0.575 - [57.58592317110601, 42.07300764640949, 1.2175052582570387, 10.1347214157262, 96.82594813457168, 17.15716350427869, 15.13840821644782, 63.04091897233524]
0.574 - [59.499969505111224, 40.02941985994404, 0.6581608578285503, 10.38367447848806, 96.71875622792307, 16.601949937448804, 14.979550053860276, 62.93221811705982]
0.577 - [59.54614849850106, 41.35930648569781, 1.244944775621637, 10.395464424575486, 96.90087523459992, 17.435279231804344, 14.78888747778967, 63.30078353419027]
0.574 - [59.334582667270524, 41.511245127237316, 0.06713846136545759, 11.849486085703134, 96.20732548116099, 18.110671426674656, 14.758764018083792, 64.4131985492243]
0.578 - [59.08324260887218, 40.65049249109109, 0.32870786661805973, 10.80598494238222, 96.66249749796899, 17.20117496657305, 13.653542902143741, 62.53212319185851]
0.577 - [58.86454259057443, 41.25756164001509, 0.12226948488331835, 10.348313604292043, 95.7147096397659, 17.124045202663606, 14.427284188299431, 63.655174284247806]
0.578 - [58.12982806365151, 40.78491762948345, 0.014909965212236198, 11.113353619038504, 95.41531777301853, 16.971583887443412, 14.446817117003802, 63.02161285826966]
0.574 - [58.940107964283754, 41.2601157996227, 0.16529927182054105, 10.387993314681578, 96.34468038798565, 17.08646691505498, 14.548324432823703, 63.60845556388763]
0.575 - [59.37726774107259, 41.98209176919931, 0.16634172188127894, 10.643951268269227, 96.49728347937338, 16.87935857971705, 15.109292823840503, 63.14575875413455]
0.572 - [59.80348420203531, 41.243220849685606, 0.03032707406117513, 10.040082439878166, 95.5172642272857, 17.803139791704783, 12.887218137409846, 63.72469127632959]
0.579 - [58.643606556267976, 43.31176189514026, 0.43905002466338094, 9.11309158739105, 96.17086062565669, 17.017432182586543, 16.23382404577294, 63.79741079147176]
0.577 - [59.70780908065343, 41.31817471671143, 0.8824193528258044, 10.736411539196553, 95.8545142463158, 16.662285638097853, 14.746109769960565, 63.11668125442116]
0.578 - [59.027080586690246, 40.7814550786023, 1.4601167767033776, 11.416803474144231, 96.34749225191857, 17.466137165872983, 14.067289312937346, 63.12798846221676]
0.577 - [59.26890285819485, 41.20758961669432, 1.4033054449322844, 10.755215894128488, 96.9371808041838, 16.335781887736854, 14.13824856066473, 63.51116877348237]
0.578 - [59.5270883158163, 41.273523784440364, 0.39218085685828896, 10.520677155029787, 96.21322683158607, 17.013494930886278, 14.104211689678996, 62.5951548354266]
0.574 - [59.61641740064803, 40.04129991547681, 1.1460228449107965, 10.463034764117188, 95.73086656788787, 16.226788355358355, 14.68809469143821, 63.1148044420085]
0.574 - [58.57924892120699, 41.06700244233768, 0.6950095083309424, 11.493024832660339, 96.14997935384163, 17.500259227365245, 15.107641921703618, 63.34112904390158]
0.565 - [59.16485326125945, 39.914268807582836, 0.9786980512005592, 10.175984294200035, 98.39569201547594, 15.967783379247743, 14.27836266210124, 62.224962236202636]
0.573 - [58.43395929395223, 43.21410984323724, 0.6670622377692708, 8.504895888946294, 96.04745367229367, 15.667441281834048, 15.432326668693667, 62.97463483923286]
0.578 - [59.97869471116207, 41.2175471479779, 0.2903876142625743, 10.494151733502582, 96.15318361821389, 17.43037931615514, 14.05607963049141, 63.26384320755992]
0.578 - [60.15315147375554, 40.804856579752226, 0.5981297054426974, 10.37286975206293, 95.31260372296177, 16.15629734308912, 14.100507194953074, 63.00668374294356]
0.575 - [59.608390658018685, 41.775113790612444, 0.3442541765738849, 11.104629509970696, 97.03509263516456, 17.667730019455725, 14.9194555402586, 62.62173721834174]
0.537 - [58.68160865746965, 41.570199055905206, 1.6013848468748542, 9.953106707120225, 96.05726349473251, 18.440936677454495, 16.503529367457332, 64.09198613165086]
0.575 - [59.02308861977021, 40.76274733747536, 1.0397025982270098, 11.13956702691928, 97.26351965433294, 17.538219508478036, 14.410545388567558, 63.82634101077594]
0.577 - [58.836947276602984, 41.26816239312744, 0.9637385663183303, 10.801598597513648, 96.14955339554636, 17.13155586479913, 13.872182913639461, 64.05199513427984]
0.574 - [59.21784174136329, 41.43936589654584, 0.42977835071135057, 10.894869031612965, 96.07190268460728, 17.192757715580797, 14.629955029710116, 62.03004034493878]
0.571 - [58.86758268184173, 42.13410682653175, 0.29313609652067096, 11.10873071616902, 96.05702980760778, 17.79816137549889, 15.058501601965197, 61.797641856654685]